Date	Value Rtn	MKT-RF	SMB	HML	RF	Rep_Portfolio_Return
199501	  2.97499083	  1.80	 -3.50	  2.57	0.42	  3.50653189
199502	  4.15324335	  3.63	 -0.66	  1.08	0.40	  4.24966992
199503	  2.63746834	  2.19	 -0.16	 -2.15	0.46	  1.81029289
199504	  3.45030716	  2.11	 -0.49	  1.71	0.44	  3.01623749
199505	  4.09063663	  2.90	 -2.55	  2.29	0.54	  4.39740853
199506	  1.58764770	  2.72	  3.18	 -2.54	0.47	  1.61354733
199507	  3.87626292	  3.72	  2.07	 -1.62	0.45	  3.03375175
199508	  0.82376095	  0.55	  1.35	  2.79	0.47	  1.58977183
199509	  3.45713309	  3.35	 -2.20	 -0.04	0.43	  3.91845720
199510	 -1.35766646	 -1.52	 -3.78	 -0.50	0.47	 -0.53631726
199511	  5.14790871	  3.96	 -1.09	  0.51	0.42	  4.47145822
199512	  2.24449247	  1.03	  0.70	  0.22	0.49	  1.34884400
199601	  3.21187813	  2.26	 -2.73	  0.38	0.43	  3.11261001
199602	  0.81667051	  1.33	  1.79	 -1.08	0.39	  0.93858843
199603	  1.79282900	  0.73	  1.49	  0.35	0.39	  0.88202889
199604	  1.45087760	  2.06	  5.23	 -4.02	0.46	  0.14570400
199605	  1.13709550	  2.36	  3.17	 -0.83	0.42	  1.78077489
199606	 -0.23794641	 -1.14	 -4.01	  2.35	0.40	  0.72019484
199607	 -4.45825645	 -5.97	 -4.31	  5.14	0.45	 -2.86587535
199608	  2.87314684	  2.77	  2.44	 -0.74	0.41	  2.31706225
199609	  4.10471821	  5.01	 -0.98	 -2.72	0.44	  4.42610102
199610	  3.55125358	  0.86	 -4.44	  4.94	0.42	  3.54158384
199611	  7.59371213	  6.25	 -4.02	  1.39	0.41	  7.42776488
199612	 -1.66291833	 -1.70	  3.16	  1.31	0.46	 -1.34359253
199701	  5.26553109	  4.99	 -1.95	 -1.42	0.45	  5.00306342
199702	  0.55296715	 -0.49	 -3.22	  5.67	0.39	  2.25786394
199703	 -3.44427483	 -5.03	 -0.36	  3.39	0.43	 -3.24366750
199704	  4.19954635	  4.04	 -5.77	  0.07	0.43	  5.23049440
199705	  5.78989763	  6.74	  5.19	 -4.13	0.49	  4.58002683
199706	  3.78714785	  4.10	  1.22	  1.58	0.37	  4.50230381
199707	  8.69702170	  7.33	 -2.74	  0.26	0.43	  7.88227858
199708	 -4.56343076	 -4.15	  7.28	  1.18	0.41	 -4.46973615
199709	  5.74730319	  5.35	  2.53	  0.37	0.44	  5.13025219
199710	 -2.37848098	 -3.80	 -0.73	  2.27	0.42	 -2.38195485
199711	  4.10810139	  2.98	 -5.12	  1.20	0.39	  4.44110712
199712	  2.50352451	  1.32	 -2.48	  3.84	0.48	  3.33397822
199801	 -1.05429054	  0.15	 -1.07	 -1.63	0.43	  0.17630252
199802	  6.66505705	  7.04	  0.32	 -0.85	0.39	  6.68215778
199803	  5.06257923	  4.76	 -1.14	  1.39	0.39	  5.49570796
199804	  2.14567094	  0.73	  0.07	  0.94	0.43	  1.35399372
199805	 -2.31364716	 -3.07	 -3.38	  3.44	0.40	 -0.86877295
199806	  0.96318595	  3.18	 -3.21	 -1.96	0.41	  3.29856479
199807	 -1.40291969	 -2.46	 -4.91	 -1.78	0.40	 -1.70265057
199808	-15.71292667	-16.08	 -5.69	  3.53	0.43	-12.74497780
199809	  5.49836497	  6.15	  0.09	 -3.42	0.46	  5.11242101
199810	  8.29056234	  7.13	 -3.12	 -2.23	0.32	  6.86293675
199811	  5.68083286	  6.10	  1.23	 -3.25	0.31	  4.79121691
199812	  2.84202753	  6.16	 -0.50	 -4.19	0.38	  4.90794700
199901	  2.53918123	  3.50	  0.75	 -4.60	0.35	  2.01040267
199902	 -0.80316482	 -4.08	 -6.08	  1.92	0.35	 -1.88760283
199903	  2.54617961	  3.45	 -3.80	 -2.74	0.43	  3.42382626
199904	  8.85849078	  4.33	  3.91	  2.46	0.37	  4.53433012
199905	 -1.76281946	 -2.46	  3.34	  2.35	0.34	 -1.86473316
199906	  2.82052934	  4.77	  3.10	 -3.19	0.40	  3.30137112
199907	 -2.72681177	 -3.49	  2.60	 -0.44	0.38	 -3.57496397
199908	 -3.23019259	 -1.38	 -0.94	 -1.87	0.39	 -1.40863434
199909	 -4.56919166	 -2.79	  3.41	 -3.49	0.39	 -4.02494490
199910	  5.66609204	  6.12	 -6.64	 -3.37	0.39	  6.21307354
199911	 -0.29059403	  3.37	  7.21	 -6.12	0.36	  0.28045469
199912	  2.06904036	  7.72	  7.03	 -8.33	0.44	  3.79412380
200001	 -3.04673825	 -4.74	  5.77	 -1.88	0.41	 -5.74999372
200002	 -6.56357116	  2.45	 21.36	 -9.59	0.43	 -4.11469624
200003	 10.46702748	  5.20	-17.20	  8.13	0.47	 10.95032098
200004	  0.29208809	 -6.40	 -6.68	  7.26	0.46	 -2.16973657
200005	  0.20278900	 -4.42	 -6.05	  4.75	0.50	 -1.17522382
200006	 -2.48294477	  4.64	 12.84	 -8.42	0.40	 -0.20245968
200007	  0.89673427	 -2.51	 -3.07	  8.31	0.48	  1.24363442
200008	  5.02020685	  7.03	 -0.61	 -1.39	0.50	  6.75626864
200009	 -0.51519716	 -5.45	 -1.82	  7.17	0.51	 -2.10227904
200010	  1.49814222	 -2.76	 -3.88	  5.71	0.56	  0.38077202
200011	 -5.92485535	-10.72	 -3.41	 12.30	0.51	 -5.17113152
200012	  4.17880095	  1.19	  0.73	  7.61	0.50	  3.88087554
200101	  1.87772173	  3.13	  6.68	 -5.07	0.54	  0.63870331
200102	 -4.94134964	-10.05	 -0.78	 12.47	0.38	 -5.05227695
200103	 -3.96165936	 -7.26	  0.25	  6.42	0.42	 -4.49821908
200104	  6.52673604	  7.94	  0.55	 -4.67	0.39	  6.26660968
200105	  1.37098688	  0.72	  2.50	  3.36	0.32	  1.60404764
200106	 -2.41845651	 -1.94	  6.24	 -1.12	0.28	 -3.04541514
200107	 -1.17210288	 -2.13	 -4.19	  5.21	0.30	  0.64646185
200108	 -6.02425859	 -6.46	  2.48	  2.31	0.31	 -5.54570407
200109	 -8.06390499	 -9.25	 -6.23	  1.45	0.28	 -6.97446784
200110	 -1.38367659	  2.46	  7.48	 -7.65	0.22	 -1.24249596
200111	  5.95726917	  7.54	 -0.47	  2.21	0.17	  8.08793238
200112	  0.90989970	  1.60	  4.74	  0.84	0.15	  1.09019341
200201	 -1.13761766	 -1.44	  1.19	  3.44	0.14	 -0.34517474
200202	 -3.31907451	 -2.29	 -1.01	  2.16	0.13	 -1.18772701
200203	  6.33990090	  4.24	  4.21	  1.06	0.13	  3.73888423
200204	 -5.31797263	 -5.20	  5.96	  3.88	0.15	 -4.59136929
200205	 -0.25805367	 -1.38	 -3.21	  1.53	0.14	 -0.13538336
200206	 -7.23394806	 -7.21	  4.29	 -0.05	0.13	 -7.48705328
200207	-10.18929857	 -8.18	 -5.28	 -3.85	0.15	 -7.94283190
200208	  0.42983299	  0.50	 -2.86	  3.28	0.14	  2.14875857
200209	-11.77275634	-10.35	  2.40	  1.47	0.14	 -9.63676538
200210	  8.62715191	  7.84	 -3.41	 -3.95	0.14	  6.87774981
200211	  8.10443824	  5.96	  3.18	 -1.23	0.12	  4.80389860
200212	 -6.93451262	 -5.76	  0.09	  2.14	0.11	 -4.69293454
200301	 -2.03683138	 -2.57	  1.33	 -0.83	0.10	 -2.84885814
200302	 -2.46825815	 -1.88	 -0.45	 -1.39	0.09	 -2.07309633
200303	 -0.45771945	  1.09	  1.02	 -1.93	0.10	  0.32118883
200304	 10.49985248	  8.22	  0.63	  1.14	0.10	  8.13610185
200305	  7.44053103	  6.05	  4.67	  0.40	0.09	  5.12774115
200306	  1.32489405	  1.42	  1.74	  0.11	0.10	  1.16463902
200307	  1.20591355	  2.35	  5.06	 -1.24	0.07	  1.00723235
200308	  1.77624834	  2.34	  2.59	  1.53	0.07	  2.31940259
200309	 -0.92979146	 -1.24	  0.80	  0.16	0.08	 -1.19442511
200310	  5.23633165	  6.08	  2.70	  1.97	0.07	  5.98738313
200311	  1.27326909	  1.35	  2.08	  1.78	0.07	  1.55019204
200312	  7.17705173	  4.29	 -2.68	  1.60	0.08	  5.11817622
200401	  1.51230794	  2.15	  2.55	  2.49	0.07	  2.45502740
200402	  1.76874505	  1.40	 -1.58	  0.90	0.06	  1.94411093
200403	 -1.39157539	 -1.32	  1.72	  0.27	0.09	 -1.38666466
200404	 -1.89044924	 -1.83	 -1.68	 -3.10	0.08	 -2.36986838
200405	  0.76279097	  1.17	 -0.20	 -0.25	0.06	  1.11553988
200406	  2.62186463	  1.86	  2.26	  1.18	0.08	  1.81796244
200407	 -1.36013749	 -4.06	 -3.81	  3.24	0.10	 -2.05606293
200408	  1.58685267	  0.08	 -1.48	  0.97	0.11	  0.74101813
200409	  0.87236077	  1.60	  3.01	  0.00	0.11	  1.08709578
200410	  1.46796706	  1.43	  0.15	 -0.22	0.11	  1.35387838
200411	  4.48205972	  4.54	  3.74	  1.41	0.15	  4.23511679
200412	  3.44778351	  3.43	 -0.03	 -0.22	0.16	  3.32456131
200501	 -1.96479162	 -2.76	 -1.72	  2.06	0.16	 -1.51572166
200502	  3.05190188	  1.89	 -0.57	  1.54	0.16	  2.52484321
200503	 -1.58285794	 -1.97	 -1.40	  2.04	0.21	 -0.78577711
200504	 -1.48574088	 -2.61	 -3.94	  0.07	0.21	 -1.58324190
200505	  2.01098982	  3.65	  2.89	 -0.64	0.24	  2.95803814
200506	  0.63860538	  0.57	  2.58	  2.83	0.23	  1.19960566
200507	  2.52351301	  3.92	  2.91	 -0.79	0.24	  3.16227305
200508	 -0.79573415	 -1.22	 -0.97	  1.32	0.30	 -0.30349861
200509	  1.39656857	  0.49	 -0.65	  0.71	0.29	  1.05698861
200510	 -2.18762661	 -2.02	 -1.25	  0.42	0.27	 -1.32851598
200511	  3.70788109	  3.61	  0.99	 -1.16	0.31	  3.14469806
200512	  0.75074226	 -0.25	 -0.42	  0.20	0.32	  0.17724088
200601	  2.63778563	  3.04	  5.39	  1.08	0.35	  2.59213757
200602	  0.92993899	 -0.30	 -0.38	 -0.34	0.34	 -0.03352940
200603	  1.26684699	  1.46	  3.44	  0.60	0.37	  1.29718088
200604	  2.62475588	  0.73	 -1.42	  2.34	0.36	  2.00358443
200605	 -2.44488788	 -3.57	 -2.96	  2.41	0.43	 -1.72137767
200606	  0.53168127	 -0.35	 -0.39	  0.85	0.40	  0.35544439
200607	  2.63158373	 -0.78	 -3.98	  2.60	0.40	  1.13666551
200608	  2.03900103	  2.03	  1.03	 -2.06	0.42	  1.44546522
200609	  2.38383800	  1.84	 -1.36	  0.08	0.41	  2.36175925
200610	  3.31273069	  3.23	  1.75	 -0.31	0.41	  3.01178076
200611	  1.89677967	  1.71	  0.70	  0.14	0.42	  1.90724985
200612	  2.34655081	  0.87	 -1.14	  2.73	0.40	  2.24750988
200701	  1.18095612	  1.40	  0.13	 -0.68	0.44	  1.46629967
200702	 -1.58559259	 -1.96	  1.19	 -0.14	0.38	 -1.78211555
200703	  1.61036360	  0.68	  0.16	 -0.97	0.43	  0.67656306
200704	  4.16440181	  3.49	 -2.16	 -1.45	0.44	  3.59933845
200705	  3.53974872	  3.24	  0.24	 -0.65	0.41	  3.17520744
200706	 -2.17772870	 -1.96	  0.74	 -1.05	0.40	 -1.97904844
200707	 -4.45844411	 -3.73	 -2.61	 -3.71	0.40	 -3.92847918
200708	  1.47042522	  0.92	 -0.12	 -1.86	0.42	  0.65800802
200709	  3.40789580	  3.22	 -2.23	 -2.21	0.32	  3.00737207
200710	  0.13101941	  1.80	  0.08	 -2.98	0.32	  1.01069916
200711	 -4.95394978	 -4.83	 -2.93	 -0.94	0.34	 -4.07644565
200712	 -1.33470580	 -0.87	  0.13	 -0.55	0.27	 -0.79090750
200801	 -4.06600679	 -6.36	 -1.03	  3.97	0.21	 -4.39138729
200802	 -4.76467936	 -3.09	 -0.43	 -0.84	0.13	 -3.01221412
200803	 -0.25005098	 -0.93	  0.71	  0.30	0.17	 -0.76199450
200804	  3.99611201	  4.60	 -1.72	 -0.94	0.18	  4.51416122
200805	 -0.57244897	  1.86	  2.96	 -1.43	0.18	  0.94287983
200806	 -9.64385025	 -8.44	  1.23	 -2.71	0.17	 -8.94052976
200807	 -0.44693016	 -0.77	  2.61	  5.42	0.15	  0.68789249
200808	  1.49886595	  1.53	  3.60	  1.59	0.13	  1.44655582
200809	 -6.43161162	 -9.24	 -1.23	  5.91	0.15	 -6.51473794
200810	-16.00902486	-17.23	 -2.60	 -2.30	0.08	-16.55182270
200811	 -5.68994800	 -7.86	 -2.85	 -6.31	0.03	 -8.95818473
200812	  1.33287028	  1.74	  3.46	  0.14	0.00	  1.09127188
200901	-11.68660794	 -8.12	  0.07	-11.29	0.00	-11.34155879
200902	-13.57930748	-10.10	  0.05	 -6.95	0.01	-11.81060368
200903	  8.91647846	  8.95	  0.03	  3.47	0.02	  9.61304345
200904	 10.23956857	 10.18	  5.40	  5.36	0.01	 10.44199143
200905	  6.62820421	  5.21	 -2.52	  0.28	0.00	  5.46872800
200906	 -0.97795992	  0.43	  2.63	 -2.73	0.01	 -0.92038463
200907	  7.97645258	  7.72	  1.87	  4.83	0.01	  8.55490252
200908	  5.07573295	  3.33	 -1.08	  7.63	0.01	  5.80804166
200909	  3.20143662	  4.08	  2.43	  1.05	0.01	  3.79061182
200910	 -2.58595181	 -2.59	 -4.35	 -4.21	0.00	 -3.05098753
200911	  5.98492808	  5.56	 -2.40	 -0.34	0.00	  5.58019653
200912	  0.92391617	  2.75	  6.05	 -0.17	0.01	  1.50609335
201001	 -2.15075598	 -3.36	  0.40	  0.43	0.00	 -3.11683090
201002	  2.39611880	  3.40	  1.19	  3.23	0.00	  4.05470596
201003	  6.09603653	  6.31	  1.48	  2.21	0.01	  6.44348237
201004	  1.50383523	  2.00	  4.87	  2.89	0.01	  1.98505378
201005	 -7.82929447	 -7.89	  0.09	 -2.44	0.01	 -8.27182457
201006	 -4.93001674	 -5.57	 -1.82	 -4.70	0.01	 -6.46624647
201007	  6.70469704	  6.93	  0.20	 -0.31	0.01	  6.44392389
201008	 -4.10478726	 -4.77	 -3.00	 -1.90	0.01	 -4.60146338
201009	  7.40417094	  9.54	  3.96	 -3.16	0.01	  7.34596305
201010	  2.63326857	  3.88	  1.14	 -2.43	0.01	  2.70663498
201011	 -0.56302351	  0.60	  3.77	 -0.96	0.01	 -0.38869978
201012	  7.84859181	  6.82	  0.73	  3.70	0.01	  7.53700498
201101	  2.82779606	  1.99	 -2.50	  0.83	0.01	  2.59812698
201102	  4.11509708	  3.49	  1.53	  1.27	0.01	  3.45897059
201103	 -0.12758435	  0.46	  2.54	 -1.83	0.01	 -0.58677260
201104	  3.01895717	  2.90	 -0.38	 -2.43	0.00	  2.03396557
201105	 -1.50334897	 -1.27	 -0.59	 -2.12	0.00	 -1.78300012
201106	 -1.99413075	 -1.75	 -0.12	 -0.42	0.00	 -1.77322046
201107	 -3.41628059	 -2.35	 -1.26	 -0.90	0.00	 -2.29764139
201108	 -5.52903265	 -5.99	 -3.05	 -2.36	0.01	 -5.89729875
201109	 -6.85422536	 -7.59	 -3.31	 -1.72	0.00	 -7.17160837
201110	 10.09112940	 11.35	  3.28	  0.10	0.00	 10.22038023
201111	 -0.41215283	 -0.28	 -0.16	 -0.46	0.00	 -0.38550425
201112	  2.42926138	  0.74	 -0.59	  1.63	0.00	  1.32869996
201201	  3.21449846	  5.05	  2.04	 -0.97	0.00	  4.11984622
201202	  3.98678584	  4.42	 -1.85	  0.43	0.00	  4.65119855
201203	  2.98303880	  3.11	 -0.64	  1.14	0.00	  3.42664992
201204	 -0.95148925	 -0.85	 -0.42	 -0.78	0.00	 -0.98347055
201205	 -5.85019074	 -6.19	  0.07	 -1.07	0.01	 -6.21603387
201206	  4.79797999	  3.89	  0.67	  0.62	0.00	  3.77043147
201207	  1.26591484	  0.79	 -2.74	 -0.02	0.00	  1.22029670
201208	  1.37553786	  2.55	  0.47	  1.30	0.01	  2.76230610
201209	  2.96404936	  2.73	  0.50	  1.60	0.01	  3.02421311
201210	 -0.56426644	 -1.76	 -1.15	  3.59	0.01	 -0.30466662
201211	 -0.64192350	  0.78	  0.63	 -0.84	0.01	  0.36807681
201212	  1.93513630	  1.18	  1.48	  3.51	0.01	  1.99821270
201301	  6.28183995	  5.57	  0.33	  0.96	0.00	  5.53177033
201302	  1.58706185	  1.29	 -0.27	  0.11	0.00	  1.30542268
201303	  3.85862109	  4.03	  0.81	 -0.19	0.00	  3.61821392
201304	  2.61812902	  1.55	 -2.37	  0.45	0.00	  2.02745418
201305	  2.24160455	  2.80	  1.70	  2.63	0.00	  3.20397120
201306	 -0.73262440	 -1.20	  1.33	  0.03	0.00	 -1.35990626
201307	  4.59058972	  5.65	  1.87	  0.57	0.00	  5.21363696
201308	 -3.70639741	 -2.71	  0.27	 -2.69	0.00	 -3.48146329
201309	  2.21871913	  3.77	  2.88	 -1.22	0.00	  2.67948094
201310	  4.70802668	  4.18	 -1.53	  1.25	0.00	  4.63161736
201311	  2.65097878	  3.13	  1.29	  0.32	0.00	  2.84532296
201312	  2.39143748	  2.81	 -0.46	 -0.02	0.00	  2.73774882
201401	 -3.57894037	 -3.32	  0.89	 -2.07	0.00	 -3.96845675
201402	  4.01367757	  4.65	  0.35	 -0.31	0.00	  4.24760868
201403	  2.73876932	  0.43	 -1.81	  4.93	0.00	  2.30896337
201404	  1.20052050	 -0.19	 -4.19	  1.17	0.00	  0.92682097
201405	  1.44960965	  2.06	 -1.88	 -0.13	0.00	  2.23895516
201406	  2.12081791	  2.61	  3.09	 -0.70	0.00	  1.71039904
201407	 -1.71177523	 -2.04	 -4.29	  0.03	0.00	 -1.17627210
201408	  3.50281325	  4.24	  0.40	 -0.45	0.00	  3.80516708
201409	 -1.49484747	 -1.97	 -3.71	 -1.34	0.00	 -1.65169566
201410	  1.97625031	  2.52	  4.21	 -1.81	0.00	  1.07275531
201411	  1.76696819	  2.55	 -2.06	 -3.09	0.00	  1.78281901
201412	 -0.05358648	 -0.06	  2.49	  2.27	0.00	  0.23905362
201501	 -4.02486460	 -3.11	 -0.56	 -3.58	0.00	 -4.00220678
201502	  4.97110070	  6.13	  0.63	 -1.86	0.00	  5.10332679
201503	 -2.09594662	 -1.12	  3.04	 -0.37	0.00	 -1.71089960
201504	  1.95658136	  0.59	 -3.06	  1.82	0.00	  1.67831045
201505	  0.92482807	  1.36	  0.93	 -1.14	0.00	  0.76048433
201506	 -2.56065881	 -1.53	  2.91	 -0.79	0.00	 -2.21201355
201507	  0.79183592	  1.54	 -4.17	 -4.13	0.00	  0.85872832
201508	 -5.79068784	 -6.04	  0.33	  2.77	0.00	 -4.89270896
201509	 -2.07964312	 -3.07	 -2.62	  0.56	0.00	 -2.27347924
201510	  7.93090881	  7.75	 -1.88	 -0.46	0.00	  7.52711504
201511	  0.36780088	  0.56	  3.60	 -0.42	0.00	 -0.23193741
201512	 -1.56127448	 -2.17	 -2.84	 -2.61	0.01	 -2.39284573
201601	 -4.30351198	 -5.77	 -3.42	  2.09	0.01	 -4.19290837
201602	 -0.08263911	 -0.07	  0.73	 -0.57	0.02	 -0.35969812
201603	  6.76253592	  6.96	  0.82	  1.19	0.02	  6.85536180
201604	  1.18951481	  0.91	  0.76	  3.28	0.01	  1.79381568
201605	  1.69133008	  1.78	 -0.17	 -1.66	0.01	  1.19186170
201606	  1.16914387	 -0.05	  0.61	 -1.48	0.02	 -0.61250646
201607	  2.97428405	  3.95	  2.49	 -1.32	0.02	  2.90326105
201608	  0.60358615	  0.49	  1.15	  3.18	0.02	  1.30411868
201609	 -0.13053734	  0.25	  2.12	 -1.24	0.02	 -0.51420740
201610	 -1.44533164	 -2.02	 -4.40	  4.09	0.02	  0.18502720
201611	  4.89091570	  4.86	  5.71	  8.21	0.01	  6.26108425
201612	  2.82162679	  1.81	  0.10	  3.53	0.03	  2.85983425
201701	  0.48897093	  1.94	 -1.19	 -2.75	0.04	  1.19675788
201702	  3.69355007	  3.57	 -2.05	 -1.67	0.04	  3.23938431
201703	 -0.69676657	  0.17	  1.14	 -3.35	0.03	 -1.08918097
201704	 -0.11232356	  1.09	  0.73	 -2.13	0.05	  0.26419712
201705	  0.15911279	  1.06	 -2.57	 -3.78	0.06	  0.28912758
201706	  1.88979460	  0.78	  2.25	  1.48	0.06	  0.87503146
201707	  1.45419764	  1.87	 -1.51	 -0.31	0.07	  1.99693981
201708	 -0.87295497	  0.16	 -1.67	 -2.09	0.09	 -0.15152425
201709	  2.96310718	  2.51	  4.47	  3.14	0.09	  2.68788087
201710	  1.23270594	  2.25	 -1.94	  0.20	0.09	  2.61350262
201711	  3.03407914	  3.12	 -0.55	 -0.03	0.08	  3.11328683
201712	  1.27000171	  1.06	 -1.32	  0.06	0.09	  1.33220304
201801	  3.79395167	  5.57	 -3.13	 -1.29	0.12	  5.51516657
201802	 -5.01545933	 -3.65	  0.25	 -1.04	0.11	 -3.74330724
201803	 -2.07680836	 -2.35	  4.06	 -0.21	0.11	 -2.90826755
201804	  0.21525321	  0.28	  1.13	  0.54	0.14	  0.36314200
201805	  0.48397228	  2.65	  5.25	 -3.20	0.14	  0.68861792
201806	  0.55913608	  0.48	  1.14	 -2.34	0.14	 -0.37532311
201807	  4.28146715	  3.19	 -2.22	  0.47	0.16	  3.70084504
201808	  1.36364293	  3.44	  1.14	 -3.94	0.16	  1.93351755
201809	  0.43028361	  0.06	 -2.27	 -1.70	0.15	  0.03561524
201810	 -4.36916531	 -7.68	 -4.78	  3.40	0.19	 -5.18951595
201811	  3.00608850	  1.69	 -0.68	  0.30	0.18	  1.97287511
201812	 -9.20184673	 -9.57	 -2.38	 -1.84	0.20	 -9.07654901
201901	  7.19553644	  8.40	  2.90	 -0.46	0.21	  7.49140241
201902	  3.16044968	  3.40	  2.05	 -2.67	0.18	  2.16269362
201903	  0.80744029	  1.10	 -3.05	 -4.17	0.19	  0.39771077
201904	  3.21814663	  3.97	 -1.74	  2.15	0.21	  4.94020016
201905	 -6.51340394	 -6.94	 -1.32	 -2.37	0.21	 -6.92988502
201906	  6.84345425	  6.93	  0.29	 -0.71	0.18	  6.44656174
201907	  1.02412976	  1.19	 -1.93	  0.48	0.19	  1.78336830
201908	 -2.59714232	 -2.58	 -2.38	 -4.78	0.16	 -3.43001761
201909	  3.51767448	  1.43	 -0.96	  6.75	0.18	  3.84979969
201910	  1.43635669	  2.06	  0.29	 -1.91	0.16	  1.42638368
201911	  2.99367910	  3.87	  0.77	 -2.02	0.12	  2.98865599
201912	  2.79556140	  2.77	  0.73	  1.75	0.14	  3.18267732
202001	 -2.49564145	 -0.11	 -3.11	 -6.25	0.13	 -1.45983808
202002	 -9.69204571	 -8.13	  1.07	 -3.81	0.12	 -9.01577759
202003	-15.66292994	-13.39	 -4.83	-13.87	0.13	-16.20068778
202004	 10.61887607	 13.65	  2.45	 -1.33	0.00	 12.08563646
202005	  2.84451655	  5.58	  2.47	 -4.88	0.01	  3.29835016
202006	 -0.71288581	  2.46	  2.69	 -2.20	0.01	  1.16412777
202007	  3.78074571	  5.77	 -2.33	 -1.41	0.01	  5.43156693
202008	  3.96174311	  7.63	 -0.22	 -2.97	0.01	  6.32521663
202009	 -2.21674026	 -3.63	  0.02	 -2.71	0.01	 -4.30784566
202010	 -2.25373744	 -2.10	  4.38	  4.25	0.01	 -1.37900135
202011	 13.02635589	 12.47	  5.80	  2.09	0.01	 11.49146701
202012	  3.24976147	  4.63	  4.89	 -1.51	0.01	  3.05966728
202101	 -1.18022729	 -0.03	  7.36	  3.01	0.01	 -0.33504488
202102	  4.59923101	  2.78	  2.05	  7.15	0.00	  4.57779967
202103	  6.80957126	  3.08	 -2.37	  7.39	0.00	  5.71013559
202104	  3.67055993	  4.93	 -3.19	 -0.95	0.00	  4.92449039
202105	  2.60585926	  0.29	 -0.25	  7.09	0.00	  2.59896153
202106	 -0.93430348	  2.75	  1.68	 -7.87	0.00	 -0.21717952
202107	  1.16858321	  1.27	 -3.97	 -1.78	0.00	  1.32374265
202108	  1.98874074	  2.91	 -0.42	 -0.15	0.00	  2.78376365
202109	 -3.61567917	 -4.37	  0.71	  5.08	0.00	 -2.63276567
202110	  5.70091760	  6.65	 -2.35	 -0.49	0.00	  6.55658639
202111	 -2.70288641	 -1.55	 -1.32	 -0.45	0.00	 -1.38401472
202112	  6.87554524	  3.10	 -1.67	  3.26	0.01	  4.28730117
202201	 -2.44812669	 -6.25	 -5.94	 12.75	0.00	 -0.78848872
202202	 -1.84796251	 -2.29	  2.19	  3.08	0.00	 -1.56221572
202203	  2.92998671	  3.05	 -1.61	 -1.81	0.01	  2.59871432
202204	 -4.92056028	 -9.46	 -1.39	  6.17	0.01	 -6.73282738
202205	  1.88183729	 -0.34	 -1.83	  8.39	0.03	  2.72128522
202206	 -8.19380807	 -8.43	  2.10	 -5.97	0.06	-10.22641620
202207	  5.65475293	  9.57	  2.81	 -4.05	0.08	  7.34919744
202208	 -2.81599225	 -3.77	  1.40	  0.29	0.19	 -3.56064679
202209	 -8.20054928	 -9.35	 -0.81	  0.05	0.19	 -8.54249269
202210	 11.14621489	  7.83	  0.06	  8.01	0.23	 10.18784284
202211	  6.07203272	  4.60	 -3.52	  1.38	0.29	  5.66935256
202212	 -3.73746542	 -6.41	 -0.69	  1.37	0.33	 -5.23058778
202301	  3.20898264	  6.65	  5.01	 -4.01	0.35	  4.44363919
202302	 -3.41479218	 -2.58	  1.17	 -0.81	0.34	 -2.61649316
202303	 -0.71680872	  2.51	 -5.51	 -8.85	0.36	  0.80510093
202304	  1.30801114	  0.61	 -3.35	 -0.04	0.35	  1.45220878
202305	 -4.07161637	  0.35	  1.61	 -7.72	0.36	 -2.12073474
202306	  6.17469902	  6.46	  1.54	 -0.26	0.40	  6.11797808
202307	  3.59726694	  3.21	  2.07	  4.13	0.45	  4.39969456
